2998.52901679363
2981.439502486931
3128.606209148546
3060.171633561353
3014.4165816104573
2961.937903310412
2890.5438004192665
2831.098141424125
2756.7882873309277
2675.5391466896685
2657.690103541297
2617.7032175495983
2490.394435317389
2330.210770763928
2408.1191370674255
2344.574461322338
2268.4681728181595
2190.53483528543
2158.813658934163
1752.0615125967388
2010.433520197168
1912.8425438373024
1878.7129945220104
1659.9158573186187
1767.700932179091
1229.141552282861
1436.7814890913705
1343.8746593334117
1858.873458738749
1485.8455353264308
1810.5163163401494
1749.7608300474494
1660.0211265778162
1263.5576027057741
1909.4651025636176
1958.5320191274077
1310.3718143175138
1130.2251403670853
1207.2950589317788
1449.6274044887814
385.21147402167117
1363.6602704185061
991.023305676561
619.6081039629826
1059.2630453678557
999.7060877727745
974.3126576858867
512.0869291092768
1191.088900372828
828.7900878615928
743.1125358338395
744.0357617776808
332.2449824594969
480.434941206815
1090.3982897609967
704.0813898608558
668.0960014987613
633.021625515652
586.6578188819094
573.712604138198
-107.69390668366577
476.11897871701694
744.0220178017498
276.51390242985326
793.17315871346
692.4458502871621
978.4794771194374
571.8683264862757
135.4758774411821
626.0294016196858
854.4877295171391
-259.32447534210405
861.5628870605124
491.8766818675249
-118.74991203377067
275.24077298734846
823.5917302838843
807.859368167492
585.631397463163
1476.477515583856
728.6655688067822
961.7341323558376
-374.97730367646
571.9711356238477
187.56095072330027
767.1002176858492
103.93283797757431
-253.1308545593747
-290.4026934400463
-571.7096472168996
92.12855294777182
-124.31573584175021
475.6588487680219
482.7240165593648
407.5263448682872
602.6079597154421
-216.5208283290558
363.0254258682671
524.6339695763563
263.57246357582335
2250.547660276019
2403.132504562789
1872.9613069898069
1596.3844708044908
1682.940721652145
1941.587394312559
1502.6671403273576
1080.0584883502015
481.1593270866124
672.2364895161936
663.7502512856918
624.3025135111093
762.7874977175761
805.0380379876206
736.1252237669814
-140.6614906968789
235.22887887467004
87.09152760901998
-62.84407926889617
-61.77358864959024
-178.23851848062623
-282.3323051150837
345.16335330599395
-368.0366159985533
-404.14089450977553
-740.5015905984656
-103.1676629072972
-335.89913293782956
-502.8034007703318
-392.30677894769906
-645.2752587577852
-551.0800116557693
-420.9714852664292
-804.5492399939358
-366.35675974731566
-470.5414713291575
-342.31069850186395
-428.3404562180185
-344.72693716517097
-537.3215322659598
-524.0739216797301
-558.323794537504
-290.7047545956557
-516.4067233574278
-467.92205636791914
-700.7571028163111
199.83058536815952
258.4961415989237
-24.301957799358206
-311.27822506737357
-466.9722932814475
-188.86718108059358
-235.5626584533129
-659.6870191066191
38.72497270651729
137.97121798661829
65.99049339409612
389.923891306722
384.6151736218817
415.1294268255442
465.6120267892802
31.013275755147333
-401.820217792083
-4.610226673321449
-349.58319686860705
-338.20263969238295
-82.3517585752852
-183.87424203791306
-448.3794498014722
-8.29616126678593
-480.20386369307016
179.47745329453392
282.19055404941173
-81.52732845759965
-84.82574167994972
-88.73234256374053
-42.54325599381991
-176.70670039655306
-645.604785152831
-456.47528709943435
-165.2001176896374
-253.06621212957907
-177.2830544140743
-291.91514168112553
-306.21575187558847
-393.6510651651006
-346.9761516812432
-247.5859443082045
-400.92920440389935
-297.08695200910006
48.971943304743036
143.45092927862424
150.16772755951752
-287.90048778389973
-310.26390997178896
-151.97537936027948
-66.35129821349256
-224.65881192083543
-102.35939437773413
-37.130786031197204
413.6426633496267
576.4005524456352
525.9501867437684
209.4244378461026
291.56110705130595
272.0514098044532
202.73439884418076
-0.486274915834656
363.41893992025143
131.11769996848489
497.63329210317715
671.9863027664924
582.0911099563837
73.18666202250097
235.14094657456735
-27.952373018224534
772.6264011571693
121.90623647433313
254.9964340559818
-131.1741463761573
-178.231633648782
-139.14570129979256
-389.6246252554738
-322.90080184172984
-436.87059807508194
-374.67194684734204
-236.5555159428659
-311.84902705776767
-53.00309449317865
-202.1930135327675
-290.4669363500834
-142.56158452052478
-372.7165995305477
-377.5063247168837
-69.25873109125678
-274.36521056508354
-268.5230635014086
-51.24162169000556
-6.877333760890906
32.9818956277486
119.39070246254414
-271.1761789026532
12.827294045564486
-139.830993714957
-565.0024435098021
-50.02651274272284
-209.55164039888405
-155.97181955929773
-479.63331837620717
-204.42636813505305
-365.28551113715366
-243.67928505605596
-286.1632517487633
-410.9640692130779
-378.2953482255398
-333.5548897374465
-252.52280063072976
-330.6449355108998
-431.3479082726735
-299.2849083986439
-315.57359561192425
-38.8621359366407
-170.90793312251844
-276.63483792218176
-358.3425378300781
-237.46403612008726
-131.47117131931736
-142.85341770736704
-263.49550701854605
-301.5154528916137
-24.015834658534004
-204.73863262375744
-228.24861914858047
292.0561235449968
-369.7575674656473
-30.16998762022922
-288.9376917671325
-396.06064531208904
-90.3561208405772
-275.80996823006717
-347.19801254073536
-427.77243161010847
-148.37957875775828
-463.77879299962296
-373.5716387495304
-391.48169832003987
-355.1007383715987
-221.39867004205735
-409.8376515723794
-133.80641215081414
-289.3985220594768
-238.13588842672107
-483.9945488992744
-358.44991119021506
-267.3597614832288
-243.84592703312592
-229.01018605348509
-78.4254455359187
-99.40688720778417
-312.8062310025125
-43.438634645786806
118.35758777513911
-248.87089677976837
-80.06532329697802
-207.8726748892659
-350.12292880325185
-242.40854491342907
-420.04978353375554
-279.0257953917135
-505.11881515392815
-227.68882280445177
-303.3416410187565
-109.29010679612838
-198.434588974269
-187.07336872768792
-346.05409020670777
-59.68508974818178
-272.45963274152746
-88.717504051594
-289.71651807347735
-370.22199629536044
-312.78141617669826
-162.84459123811394
-219.31639095679566
-350.5720037669271
-298.4597910978846
-293.99418176689505
-276.65105001917254
-159.14945789941703
-360.1126244483785
-145.50181337932372
-56.76288673212184
-477.36003015344977
-162.92089017091712
-318.2079802291046
-110.879445560171
-189.3325497109654
-246.58301140206459
-154.0984342594129
-231.147543901483
-37.52098543354441
-123.1414216723133
-203.21238770342825
-199.15355594651555
-33.045753371658066
-112.09748038715043
52.58365816227524
-115.2118375861246
-212.4400459841927
-92.33075251302216
-142.58038561843205
-203.42474059982123
285.1636473022736
97.62231744858218
-362.7603916806838
-38.51043315555762
-31.96599833777327
-41.562333479061635
181.98393145217415
-197.15151614443675
137.1135758560231
-203.42091309750322
-71.38106521159352
-180.08044860489827
-130.92429715653998
-215.88397293579692
38.55512933959835
-127.95363410063146
-183.08138503911323
-272.17239134230476
-182.04431409295648
-75.55260613895734
-275.1602761901813
62.626373414113914
93.88703839187656
232.9512653944803
-136.41425911874467
127.00293761335706
-304.4874538826589
23.884616730290873
-236.37650558533642
-226.27758492854264
-159.5435328826352
-249.5011167477751
-37.23014438772225
-190.14455189665023
-66.07906909410303
-274.25081052242604
-72.28674526402028
-243.36004200553361
-43.364803642853076
120.47236314734619
84.52332806836421
-292.12522857628574
241.9278528441755
208.6895515154538
-368.14604683664584
-114.84041211036674
-184.67849101858883
11.476094542787905
202.2002100054233
-56.396499837806914
218.98858392691545
-162.71692535122202
-331.52004818170826
-205.14361688890858
24.34981885015077
-0.01650614823665819
-312.8880071948479
-226.6179011844397
-206.24003403498136
-50.779496878309146
-80.37803031666772
-61.04339992718087
-87.20996061076221
-237.2203030753335
-178.99712637264747
-132.32215665134572
-137.92589717195733
-260.47961540232063
-315.7828184190257
-67.9758637471059
-356.85636318771503
-200.05173302560434
-231.38145606341277
-245.26847087900387
-269.71972310064666
-364.24729459978334
-225.60764335287968
-402.6624881325588
-333.2407843502224
-253.8165762691242
-227.79449460557225
-223.24664267925618
-324.81908090200886
-260.54596661120013
-238.7107028631799
-307.0323416777683
-353.1933387892277
-205.89798165940738
-251.4352867868147
-244.88526847399407
-281.19823991116573
-196.58564239945554
-332.39980445374385
-150.30406355288142
-376.5295624119681
-156.84665876219515
-44.548365749276854
130.41056915891386
-388.5925922357055
-266.82324755018635
-159.14932722047524
-5.33849573914631
-262.56032278376006
-141.6341225417964
-164.97476184349944
-44.836969722320646
-118.25552711727141
-8.224475319122575
-127.1182214971086
-200.887131447078
-253.25722947999748
-106.9502544044808
-182.83550274313166
-163.74737154977265
-208.57051682217934
-213.291357605729
-12.586337258355343
-193.00158392917
-201.87522450804317
-204.7050131999349
-29.700064677081173
181.74262653700498
-247.61623422469347
136.84522586063395
-175.07867456892382
-142.12148021363646
-18.465134475934974
47.21739987431829
-87.66385892540893
106.65409321217703
-109.34253813977921
-50.58924911577742
-54.50745300370545
-79.6848012729788
-222.47768421862202
82.67179692005811
-286.7353521496225
-48.877133556217814
-113.65784805650947
13.015396012924612
122.13920504545968
-223.51571419680113
138.46410572738387
-224.14904166267843
53.06337506478667
43.88317473746429
-48.5302662262111
96.95127662127561
-136.36282011554795
-109.64428367904475
-188.48385477592092
-136.6972974504988
-118.1895231558683
-65.2142375373187
-94.24861959605914
-109.85771902292981
-87.66354842016881
-105.99609986658106
-76.69411087983462
-44.75834407277944
-192.0574977114993
-168.40991268025755
-133.79760526777318
-60.929716920205465
-143.03256293671802
-18.271658558394847
-296.13015257296865
-30.77003797791258
87.81385798875999
-294.7579947883023
-110.67738179634762
-55.43978443969172
-37.6971377826776
-267.0046495297611
-51.067260749376146
-252.5454516480204
-140.9185024626022
-54.61986567614804
-219.78764188641435
-60.122717686594115
-20.351606196014473
-179.02308379846727
77.17302369486788
-147.50304103908638
-36.3996506596086
-75.8021662232677
-111.84636288859474
-85.99656032052553
-29.82903488881493
-31.35631748081869
-166.03574863926406
-9.886848355406983
-123.50084554709247
-1.2276488108291232
50.83180685021944
-62.77215864805294
202.0207273892829
-126.8199209360173
-76.03694631177495
-91.24824853850805
-80.65233009318945
-118.57386479816341
-11.13976173815172
-39.967653750914906
-92.49717634111039
-157.32086008018086
-66.66739263590352
-104.48660307745013
65.83183856364303
-101.89575607985171
-10.843259401561227
-65.67039449163894
-115.01629979414793
-85.2997286507034
-111.213883455408
-85.69689035446936
-73.42127467005412
-90.8872455368255
-145.10662285021317
5.255688852899766
-50.520109800985665
-6.578607449315314
-122.98574194429239
-198.32623665323263
-108.62333204051174
28.002761714749795
-107.94536764414806
-191.41327637629
9.097308163476555
-75.19454612156551
-109.46032782627663
-125.0024798005943
-89.34747742781474
-126.16914698381879
-126.04998135196001
-137.68273775225316
-116.63999398134911
-154.77880682595787
-39.666458732688625
-90.06546539791452
-165.95478700171589
15.063183947044308
-119.6738896557581
-120.10390318772625
-124.42947597513194
-117.53729179349466
-90.10298466829045
-155.00068525730967
-66.38263864703185
-109.86191206750118
-132.58070803958617
-49.34402598505039
-12.991622318257214
-45.50340321148178
-21.98783873282082
-91.34605901716532
-7.980844443243768
-103.94961304882236
-46.434135081983186
-34.06041686038225
-7.545830813069188
-12.30665910479911
-12.145722121784274
-71.47619347780164
27.75728672502737
-57.07113601858509
-141.98895315881964
-39.37522215107674
-36.489724407947506
-69.01322573247126
-2.3582444648873206
-64.38522964084223
15.753772407228098
-64.98395978850385
-49.54179880705124
-1.4480891170023824
-34.72498824097056
-66.77058103328818
-97.3091792869418
-186.4576245350072
-98.40995140458108
19.009081712705665
19.059776219321066
-68.65773279166388
-109.43609134246799
-60.94356952819726
-100.24184865810457
-183.3500096337266
-104.17726016400047
-125.04361161904671
-104.13714221956616
-118.35689960660966
-125.42979210325575
-109.37062099470495
41.102189231389275
-170.7185400682538
-77.64457298226262
-73.40924165463002
-84.147765437825
-73.62755654537796
-46.15948814045623
-85.61906936523519
-87.4141841689052
-75.11688313552077
3.8900777043381822
-170.71207892904386
-67.55397430221637
-83.16903062417987
-80.04601726969122
-54.51167781421282
-120.20312672665386
-4.665186448231907
3.242669514296722
-43.10282436031957
-82.79735016332052
-73.65180083841005
-71.86802532397087
-48.125151733975144
1.8292344497549493
-68.23950499914827
-81.93438291157509
-64.4428146685259
-38.16071287873456
-93.30577265667125
-34.668687950974345
-93.2784689112159
-52.70984527341352
-78.95736847734406
-24.996498550804972
-41.87943861608255
-1.091830751605812
-32.51971144198433
-5.10563249799452
86.96027048163342
-33.606139456864184
31.336542555096457
-76.58948909453466
18.10771407428365
-70.23595590013792
54.544988267976805
-33.64354830035154
-85.93887748254565
-31.280365552083822
-33.9021615103029
-61.231213942006434
-24.525105385557254
-63.64006004469229
-36.85977134335917
47.14872650270627
-20.645750919473357
-3.2375495438172948
-6.621325067128055
-8.831128156978593
-7.9108259435488435
-61.699304610119725
15.703935593439383
-58.58602736291505
14.931673995693927
6.024111437069223
18.830840201246247
-13.411323182939668
-61.684622871893225
19.962112677754703
-63.8194683461079
-39.076341181093085
-1.7860550016575871
-20.961227800198685
11.156504575001236
99.84368023278512
-90.41348993440806
43.74392418320349
-38.565469301604026
8.818215620383853
5.676726608791796
-77.62208682663913
-39.97466324164452
-42.16727206672476
-58.4359762116419
-78.43699028585979
-59.76633271789069
-41.44121989241103
-36.56564326014632
-3.9182845217419526
-27.58922066638661
-31.18759481059169
-37.02061797200804
-25.88054664088304
34.33177373156286
-41.012414405127856
-3.84832471314985
-82.98565089502517
-36.43433863091013
-33.70161062882835
-33.72966815795007
32.002960498968605
-40.0149482495508
9.291482512198854
35.84866654846155
-42.261689298424244
8.763323412902537
-22.21594262689905
-37.406718997255666
0.6808348456961539
-35.991096185587594
10.877246862906759
-32.14636187608812
-5.378166644373778
-34.104823056864916
-7.325481664156541
-34.50269357030629
-3.413155635647854
43.28277911489931
-11.145514731781077
-45.32904685005087
-1.5777754132723203
-31.874937790447802
-3.6252515407777537
-33.699122471636656
-8.169085682939112
-18.53220457097632
-7.085400219322764
40.0191420352694
-22.156671654522142
-23.37667716057149
0.911222438178811
-17.94343753733301
-6.43730754826538
1.3725319971272256
137.58885401703446
-10.348814462859082
-51.31551926902648
13.617323970251164
-42.09926675677343
-12.704217323651392
28.929135494945513
-42.02954209429845
-5.07871891610921
-24.7825894103662
-9.810695265960021
13.171369220051929
-0.5376969940261915
-19.600731934531723
-12.646181360916671
24.364455687176815
-39.40459542566168
32.01349339047374
-37.19572042993423
29.770988620717617
-1.3049365057122486
18.509782253904632
38.16491745056737
-16.7087523514856
-4.324419600225156
-47.30988049842381
-62.835360624609166
-44.33269096962067
-43.07150979263315
-34.10901874183946
-25.02136193781007
-65.79104111675588
-83.75349651202669
-65.43307692211238
-73.64404260289666
-33.80967768833216
-32.94410106204123
-49.80454912055211
-50.06851358665699
-41.50933881075616
-0.6445844963636773
-20.763370395143284
0.814362980567239
-40.92493002674746
16.986887360111723
-14.496006144208877
15.180440712420022
-0.1267401741206413
-34.31426552244375
30.58592744149246
-36.83573073147818
25.732045861397637
-33.491163337435864
18.273251184245964
-33.521567078696535
23.121708677786955
-38.775579097416994
78.52889708378098
-44.899682591158125
18.87777437438308
-27.428301546935472
21.284497269722124
-27.315704561940947
20.82003290242028
-28.707381586669726
15.572199906886453
-25.470046013919273
17.539248359056728
-26.05003613921872
11.564554030996078
-26.46529191132322
2.913836073001221
-18.102420961069583
17.801881158582546
-18.843734680707712
8.920197321631349
-11.65422117028902
8.816337749049126
-14.823670624906299
6.759687976575151
52.15536402332873
-9.912473617787327
-27.415793906437102
4.427644939374659
-10.049293046471576
-3.5342873286917893
-19.244324895676982
7.357059182540979
-15.225344308571948
13.071151479396576
-20.753597273920604
8.09503821115868
-15.130973301145787
54.49743786561885
5.762360928531052
48.82594668315869
-43.167567701088046
10.610914030025015
46.26156931139849
-23.3498752603482
-19.4850090478285
-5.982253867890904
-22.39480218682729
-0.23211605215692543
-21.459549524126487
-50.820907396280745
-50.22096536308163
-18.69467268196786
-43.629694227083746
13.581130623875652
-42.60856738291113
-46.062010768619075
-18.560848919456475
-41.64591632891461
-50.93085231992518
22.430784703656172
-52.456616770759865
-34.812427070784906
-5.435077264055508
-51.4988429902005
-3.8113593206526275
5.366270320775584
39.635466604715475
-17.876081370488464
20.613079382877913
-26.57463277970237
-16.647852814501675
-22.054525896022824
-17.132459476179065
-10.644894703040336
-32.91917316506078
-49.38783287298429
-52.96432547169752
-52.63401377760056
-15.850486675204593
-10.392133571136583
-25.336405492169433
-21.424699537510605
-49.79424333080533
-13.148346890171524
-22.097138789358723
-48.20132706154254
-53.742043327743886
-43.78718279095119
-46.56469165568342
-10.219259870054884
-12.686558963099742
7.010567384839305
5.6435278485114395
-61.49074478037801
-28.083350200897257
-81.95264706653688
-28.751963021129995
-79.39991471261237
-24.755696602169337
-7.748896789193168
-49.441058311571396
-65.87860298957276
-52.107271480468626
-25.570814223701746
-71.13686844937365
-27.34785048302183
-72.26452549405076
-12.82005703521645
-60.94331675855574
-48.95477770295656
-23.12262798509073
-79.29875346803601
26.79214769454302
-77.9032196368862
21.437474943148118
-101.86772273207134
13.645195332772346
27.19410567244995
-37.71633076992475
-88.72388676213814
5.725865534705008
-63.266945798462984
21.46810977518726
43.15190732663723
-35.17178015288482
-80.879290786399
-12.474391256109811
9.758813277991067
-49.91021595531129
5.956389824779762
-53.062950939358416
1.7490517511523649
-54.56603265826561
15.863836735561563
-44.34206861528219
19.25065797435127
-28.8833716971385
12.616944133191282
-40.913942470495385
4.872030204913244
-47.0623390977853
12.280784998285526
-44.49437658976058
12.071422772924052
-42.18147295889321
8.615247816314877
-37.57455861082599
13.961934237613605
-36.79894850077653
4.687676206638571
-39.22162969931742
5.929564355321418
-7.392760866607205
2.0504700744841102
-7.9628668994209875
-12.348392621410312
0.2323262918889668
-21.292630822748833
44.147647109713944
-47.01895323574172
-19.415178848408686
-5.030045110392166
-38.54253835958298
-10.11985425718376
-7.248973965619371
9.072666590262088
38.444409903588166
-13.81483982910322
-18.470657197041874
-4.253470659665254
-24.068493361646688
-33.365414245650754
-10.214392309184404
-11.71334831801687
-13.656468525401579
-7.748768263252714
-0.8188568631958333
-8.80353676289451
-36.68103717487975
-35.00439900315723
-50.72018671189653
-26.45611441843903
-51.76214207889461
-37.10838742857413
8.044382424966898
-26.241796845732097
-35.769079504509136
-35.57442076070038
-58.8784868211751
-27.20400479917589
-10.666761248045077
-53.84155606103741
1.8270745361660374
-23.436420827214533
-3.037369663219579
-22.058608991988876
3.2284150773957663
-16.639328351920994
0.8428573391120153
-15.375466532341306
-6.19796489178043
-22.79285646682365
-6.822369248644463
-22.054825781033287
5.351840148276096
-15.41869907124783
1.968779991088013
-16.686999339384784
-5.491742056907242
-17.251345358201434
-4.003204051097782
-15.092937115410678
8.085345485893413
-12.21268209151458
-22.947822957830795
-30.32835276040896
-31.51679183901797
-31.898711461757557
-32.34953621763816
-7.558204073164234
-49.22215011822664
-28.808364760669065
-25.728100499496577
-6.383895609369574
-46.00839709482352
-6.417130921898206
-39.40136059304132
-1.4281399990086356
-40.692859133872844
-5.554416081731688
-38.02585215867475
-5.79153578972182
-36.89949646210334
0.6010157741584408
-35.92568227167794
-3.867228229313696
-14.41251340744384
-19.254242154736858
-12.265116502450837
-17.132632336373717
-15.885855811149668
-19.635813756282005
-20.163619229053438
-16.522801080815043
-11.655035161636988
-18.566806540815378
56.80416475462516
-15.123918551831594
-38.49316085299506
-7.910296441446917
-15.306369061660007
-16.278635419326747
-14.071782978147894
-13.2144359449685
-9.304907531144636
-12.202948812458999
-15.899667623731148
-14.948574647793066
56.14755941675685
-36.127236385276774
-11.593407188758647
-13.557314771220263
27.025868465972962
-59.144405298391575
-3.0309830577025423
11.484158522254802
22.911570426307662
23.269874541370882
-17.839086572103042
-19.348093545906522
-9.335338367614895
-8.276673772254071
-17.157142031634066
-9.687931695789302
-4.817899650128311
-11.092664807179972
9.459775459054072
-7.628917097606973
-24.68241746122476
-15.665900964544562
-24.384139179150225
-14.58115242817803
-14.660410859472904
-33.41568678108342
-34.81956723824442
-18.61977013235628
-13.71467585811115
-37.10088603314216
-15.342108284514325
-33.63720509860468
-18.686498640321588
-42.74916912429762
-28.387696274057816
-20.167885925417067
-22.37876388870245
-26.27897271668553
-27.621514713975557
27.88305066900284
-38.099094480228814
-23.74954039219847
-15.51972630461205
-20.02115672392938
-28.885782014225697
2.249906751581875
-47.014457888666584
-26.094930223260235
-1.4940355939652363
-32.745136624791485
-29.550269700404897
-31.81296789599037
3.8785571689022618
-36.37427821427082
-7.6728156232984475
-33.40044900869543
6.61525932999939
-35.09317088918942
-19.260618876814988
17.1504675882843
-33.98327385261291
12.14677144214511
-33.46144617299797
8.41095810767547
-36.07758522444965
11.749516616895562
-27.78752967013679
9.755244602345556
-25.804564301437495
6.182081893914074
-31.26753571032168
9.096570094032359
-23.565140278837134
10.9562021341535
-30.413894955156138
5.558550361445668
-28.231102739804555
6.716060849677888
-26.227111443778995
2.7403095825538912
-21.207035322451702
2.2983936551518127
-26.763486771378666
59.280191862082575
-13.97562123042917
10.176527638470361
-15.599604261451532
6.270776105553523
-15.99832634023005
4.5597514856781345
-15.283195381502082
15.947801955651812
-14.750855966525705
7.228100694632303
-18.309702116614062
6.320376137886342
-0.9871072521400492
-3.800634755200008
-1.7499011579238868
-4.648456443550458
-8.6112687003897
1.507200138792541
-0.5082059406231565
6.339327911065993
-7.2124423463355924
-0.9939565329386824
0.5108868858569622
19.833100812127668
21.539318573755736
-21.211957701394567
-18.14847440520134
-1.9007747499617835
15.283450172260928
-17.544844922791526
-1.8179111637709866
16.851473870721748
-26.337745133878343
4.125104824925074
-7.855110689048161
-46.27599903265036
-13.684733865118687
-16.3535276735347
-16.584111019197735
-99.03422113011766
-14.863264817928211
-6.141118368748721
-16.40329397968526
-11.271429351118059
-19.86167323241716
-11.383012884321943
-1.1502729319217906
-13.99092280332843
-0.55774562193983
-14.168754412279668
-2.6274478274845023
-14.55584243795056
2.614875935965756
-19.01875600997846
0.26324890080104524
-19.118629626438633
2.3792442123613
-17.714194332196712
-1.0230404219073534
-21.06239399507649
-6.069479828622207
-15.710551105694321
-24.271301218264853
-25.289249049425052
-15.499293341168595
-12.35301270380296
-29.930493155236036
-17.60983252409642
-20.118646242019167
-6.673319440255
-26.683994396866183
-5.618522229742666
-24.88253850408728
-5.843717634519635
-23.451430159635493
-4.811520055432993
-17.86768423375179
-3.685518970751218
-19.770862732826572
-8.650597532989195
-20.092235763506324
-3.3910170469134755
-15.572295600215512
1.0439695974746428
-17.676260117797938
3.23085882808482
-15.50718608952775
2.3298753689923615
47.72589616370897
-7.3523904357844
-15.559590239327008
-10.424520994918566
-10.422296308863224
4.732411143259014
-1.7774553366361943
-7.388419892518868
-10.793990445803502
-9.514168772891935
-14.604107227742134
-9.173016337143054
5.040345156350668
-28.894786155933616
-6.495412241394661
-12.31658667587726
-4.32544388302631
-12.309327225735615
-0.21769717529969057
-12.504347444977611
4.694488883760641
-13.305111381399911
3.9874459510901943
-14.079568956623916
-1.2495341434805596
-13.614762599647293
3.983548277623413
-16.06485621160573
-3.6525532979449054
-12.571533433210789
-2.7469447006187693
-17.47151120872877
-3.111334829045518
-16.62416994824889
-8.339217681641458
24.765659111088098
37.784300876492125
4.850024114508415
-31.787763049916975
-25.835723660391523
2.424343481834512
-24.75586118155843
-14.09021067995127
-1.644710424970981
-0.41168866307089047
-7.871574256307213
-9.87850166995122
18.0291414279709
-24.503629482804172
18.288594599238422
9.268756012708764
1.450010428270616
0.63647320794189
0.778427794612071
-23.467904200595513
-12.06348256468118
-15.612232742181732
-16.17043316586205
-20.97352507398864
-20.401955167042615
-0.6155517487659381
-12.589257165333038
-16.71257614314527
-22.817222683013824
-11.887827987195124
-23.294164722385176
-13.021375451256972
-13.548009269024988
-21.729379961223458
-15.54918932146029
-9.227686245139921
-18.212389456990422
-27.043191042421313
-7.896796405675559
-1.9622934504750447
-15.492737506463527
1.1678367930417153
-9.0233393779763
-16.26579667693659
3.2602865135359025
-17.82731775085631
-2.1123428724004043
-7.082978450293012
0.050294333977944916
36.191889077386804
-4.753241609114411
-15.155600495183535
-5.649824638639984
-19.269597235566835
16.475247514152215
-35.14056070522565
-16.21739235141831
-0.6759562481656758
-5.164011385488266
-2.0673047420586954
-12.576399591902373
-0.2643299599076272
-7.32022750273245
-1.326512439887665
-12.11671497813768
-4.794813041948146
-0.6708786598665029
13.642531255552967
-20.644223401230192
-0.7305555016191647
-6.474957164225998
-0.30804447290393
-13.736181473179386
-3.988140342711631
27.416515180069837
3.235382041955745
-11.96715531359223
6.042775928735864
-7.498951172026864
2.554943795685176
2.005318315636032
7.840951289417717
3.467771859970526
4.616798792270856
4.616922619057732
6.8413081028793385
2.048260122837746
5.7528314639566815
4.729649911325396
3.236701418260054
-1.428192525943814
-1.4285486564240273
2.023010087947114
-0.7639875774402753
1.72637678546198
2.2321421396445658
4.50500330124305
2.8076294942493405
0.18154420717291941
-6.418741230017986
6.3584062615136645
16.12699555131985
-7.560802875248555
-17.401039806105473
-2.9675545778482046
-5.949445315061894
-7.562284359477417
-1.7991448956381646
-5.552798945784161
-15.743570441589327
-12.31098083186771
23.90096634305155
-12.48586131655793
-16.430308750268523
-17.719960516633364
-16.3139608311958
-19.996930683773826
24.927356372279974
1.544637470098678
-18.876338780351944
-26.38736644448727
-21.795918214487756
-5.095892348304915
-21.074413195721718
14.450540498812188
-31.463900266791825
-24.70372258066709
-16.545539189957708
-17.02800222486985
4.93623557691717
-18.40686836243185
-4.5299672666951665
-31.070097237476148
-10.055631855357205
-33.14180072496674
-5.538737597786167
-17.179120221240737
-3.689883604969509
-17.06675023639218
-2.130676466787918
-25.83214062109073
30.979581436038643
-28.779412335847155
-11.479738395290042
-27.48459199986428
-9.151265088876244
-21.15219850059293
-6.821897568333952
-29.908279842060438
-7.478914528137466
-19.218219588774446
-29.70390888750444
-4.69150251377323
22.255703827453544
-10.832277167093707
-33.25482150008611
-7.396661284541551
-34.45021230284874
-9.166325994779982
-29.643317515734452
-3.8797977432459447
-32.64475664629026
-7.0827648541780945
-27.000293933257126
-7.783820573728008
-27.384097384756387
-24.374863849092435
-12.369424370192064
-23.695668802960427
-5.849040552018778
-19.20669014944542
-10.805675348648947
-19.43536342772677
-5.588530497770989
-8.662263767546392
-6.374734354016255
-19.011367780894943
-4.973744334156436
-18.664512995675977
-3.44901290730013
-6.039361075128909
0.08583781638299115
-6.991222219634437
-4.347006500018324
-9.151723481594672
-6.889067192243601
-7.713895027967737
-15.791028989797269
-6.314114058786799
-13.878383969562492
-7.5062473918533215
-13.870407896762117
-7.7567628594460984
-15.476009242283908
-7.788278900703517
-5.808795660479518
-6.372217532334616
-13.46907585790359
-4.266080591532955
-6.029805012194629
6.8724850158196205
18.901606271318087
-3.406907245382172
-17.865054426913048
-21.607623585483452
-28.629852192934777
15.54445977803698
-17.698980242652397
-14.681582339278975
-18.840723679919392
4.6561561199905555
-3.7721169835531327
-6.252180833011153
-13.903911722003613
19.973702253098963
29.153014759234793
2.714269158683237
1.0033018451358657
-9.475519320210879
-4.067809102574756
16.295446857355273
12.028015206622513
-5.973322685549647
6.532435770819575
-3.974829207178118
7.14493410891555
7.113697958158809
-3.555034068202076
-2.822766992276229
-14.113896673310592
-6.377362148507018
-7.517880973966385
-3.787202320039796
-8.980575352461528
-7.454220414856536
-10.436005517029116
-5.784315501998208
-8.270191314730255
-3.7696895368881087
-7.886030794008548
-5.348226949228774
-8.968715928174788
-4.5609886541078595
-6.996620092748344
16.29378971474398
-7.470810471226287
-5.802208147650163
-9.288603944101851
-5.517449412875067
-10.737565685589288
-6.894616921254055
-12.810027928440832
7.585151216577287
-7.7118607202082785
15.493550708211842
-20.735952823335538
-4.646207998426689
-2.32523957027297
-4.7995786794235755
-2.7487869141732517
-4.12515781951879
-3.5118108027181734
-4.453984875011884
-5.5624818164506
-3.054704321695681
-7.141946983221715
-7.023956183324117
-7.194534689397187
-4.43297777702719
-5.85290159946635
8.939615527227943
4.743880958794762
7.598558659303308
2.555032681164448
11.010507379127375
0.809032746059529
7.574204942546203
0.5509070089137822
9.30508884892879
3.008978338972156
10.43193629023699
3.0291999977653177
5.384126379900408
2.261846987030367
7.68851651843579
1.6890831450691621
7.4990748259497195
4.324022268436238
4.009955469675333
1.2370272392417974
4.707686706931781
1.6002522298731492
10.51854596411431
3.118324685430707
8.018941357304357
4.781300333494073
9.322844257239922
3.370290414304691
7.789473555933
-4.909228475486088
9.499608201775118
22.090928985195205
-0.9709873441315722
41.18257177374653
-40.59197213041989
0.05969674360312638
0.7101373628775036
-16.99110829564961
-9.827121277734477
-15.314637449097063
-8.37565126336267
-21.458622061985807
-14.501778535393896
-5.468672925937426
-17.931550952023827
-8.030052207033805
-16.728904675324884
-5.7743479133350775
-16.20521467571598
-9.083569367085147
-16.027731416008464
-17.06988659297167
-11.605521503544878
-13.898152671930802
-9.573641224835228
-15.591652854358472
-9.518497440494684
-13.936736586076222
-11.602889317846348
-12.109703223937686
-9.556621240019012
-9.609243284359763
-9.758440405719739
-13.632573970648082
-11.290023072167969
-10.482454892178794
-9.851047050253328
-7.59696870134394
6.981755239145059
0.8034107332387066
0.4243233179549861
-2.179782816034276
-6.793880301460376
-2.5831274288484565
-4.407781964106107
-5.029951520949908
-5.65244128563063
-3.4039057195332134
-5.68835138313807
-3.7664355740671454
-17.17335980864118
-12.353364858556233
6.39836510760324
-1.6031501974557614
-2.177828398986094
-5.319776694514076
-3.2037562839050224
-2.918008453287257
-2.6484848639138363
-2.4497819922671624
-22.93534036435267
5.444051704600497
-18.082316932435788
-12.927671068675409
-19.423610576386636
-15.16950793709475
-15.280684621971886
-11.654009330826739
-16.15517805901436
-11.989723617743948
-16.98084770706555
-12.998371796889842
-20.271628026535836
-13.425468070696297
-18.198943596693425
-13.409006598572887
-15.099582530119733
-14.433228701973349
-15.733741439426012
-14.411175330864353
-18.446742408326827
-10.805767624855434
-13.618612681211744
-11.11102342288359
-13.476187518610459
3.851809621859502
-6.298338239997975
-11.546814623372484
-11.085372018626003
13.015074863020345
-25.458889233483205
13.421407308342168
-22.32208543050183
13.028198113634062
-21.802024820319275
9.777000928936104
-22.183736994906212
13.293439196999316
-19.272102133083536
-7.383118656009174
7.5135382776206825
22.547314679131887
-0.07595129363107844
34.539354649019515
7.20625823649425
-2.2642066573953343
-24.62486778242419
-11.563364543140779
0.3372027591758524
-5.689901426798315
9.428138305598623
-2.766116489892738
-6.035600887606051
-1.9425338800519967
-3.588108513298721
0.7232702051387605
10.618279300342692
-4.9693466214157525
-13.762333029742877
2.5406849984246946
5.929914547717999
-14.396741494163507
4.477308117749999
-12.415751240998361
7.036404360760571
-12.950415495215566
4.7658617807737755
-16.80976710831419
5.429518842829566
-11.698486251352733
4.7499956373503665
-12.559183921252043
6.412763968588479
-4.356303478485643
3.432922820602471
-5.368525877207503
3.192906458019934
-11.731877814649124
2.3821993154906522
-10.618685037685282
3.5596742078960233
-2.3897976818516327
1.7688803423880017
-7.191783127167582
3.89353665976887
-1.8808204858050885
0.7979437402354961
-2.295751152672892
-7.177157677358991
9.516155925408384
8.794701954933771
5.4807445767728495
9.327980474115975
7.185031314240405
13.208499988855692
7.895286011627832
9.552086480620346
4.446506361980937
-6.455036413575726
7.066545427464007
-4.261559394806682
4.683615502755856
-7.94521323155459
-0.2626342533785646
-12.911814399420109
3.9087763185398217
-9.41852313324489
6.540960766697026
-9.093520110760437
3.3972415191601613
-10.6673333416893
4.9684304886195605
-12.894498581486914
0.3012152356241131
-8.64998523165923
1.2317522297016694
-9.228039776031437
-0.11971806608744373
-11.475690117140402
3.1954499444382236
-4.878032490656551
2.422704385375255
-6.218682238710244
4.381419764071325
-3.3880606167895166
3.6511752136593714
-7.471628519409933
3.677551685135768
-7.407989681298204
0.538539462193512
-11.9720975963628
-0.31412610409097397
-10.347981079408783
3.4146510688024136
-11.771155348427783
-1.413768655516833
-11.588949755250724
1.301903662904806
-11.149783165286863
0.5262967706330528
11.656788399319339
22.56337331208306
-46.09983081141036
21.831928184201388
2.9729068492779334
-4.300967525889064
-24.07122808758504
-5.66097895632447
-10.605053648696412
-12.420733592840406
5.064197388435787
-9.83006150188885
5.2017649143836024
-10.98837369235116
4.156470709312998
-8.300281007344893
4.722139885718207
-7.998967670728234
4.2485408324428136
-9.399122561731929
5.0572255052939
-7.644081838137936
3.4408032944902516
-8.461947621564832
3.2950590170057694
-7.3925534465379314
1.2002981316109071
-8.233953101460429
2.200254148203385
-7.84369380701537
2.7698496668490407
-7.71734570080298
3.246054742294291
-6.306612341239088
2.8728412672135164
-6.891522912988876
4.161825488783506
-5.7285687173553015
4.476396696336451
-6.295382199285086
2.7143301626801986
-9.293251993638478
2.920442232685673
-6.716016685551949
3.691392790646205
-9.531754368015754
1.943537056504283
-8.616245866131067
2.4899092270225083
-8.120506025758004
3.8777884381815966
-5.2305051156035915
4.292505589861321
-5.387399243129039
3.0391708628303604
-5.565207661284148
1.2994444959185785
-5.331373654804338
2.6726211041313945
13.186216356132718
8.718709634425977
-9.94612147533553
4.3031351758872916
-5.825829606072148
4.163055288869145
-4.7646764051478385
3.9049574619475607
-4.447486131130063
2.8454526012483257
-4.7367013605307875
2.163444049323516
-5.5314162583017605
1.4871063309292367
-4.90843039131687
0.5667729349770525
-3.621153831207266
4.272929589680643
-1.6124162142441492
4.085872013332846
-3.3566025945219735
2.9529963675486215
-4.123643008677391
1.6554923091171077
-7.237735974587849
2.449104740853727
-5.256599165542866
2.6971827276756812
-6.9893364425715845
2.2035752637093537
-5.363336511512898
0.35901449206721736
-0.683732448684168
1.2473766841158067
-5.974692351974227
0.603914020344746
-3.785115457561915
-1.288688537058988
-4.231947372692957
-0.9809228897083813
-4.234402821162803
11.237643229924288
18.81850419212242
-1.8945062224975118
23.38401668435654
-10.432630117315057
-8.385358266974436
-19.43250244662704
-8.114874122082256
-15.288739218598494
-7.876324421586105
-14.176456212646372
-1.5149476101032633
-7.484143890380437
-2.8507342956108914
-7.566027298269546
-3.0062667567017343
-7.617363257626494
-0.38850019949859416
-6.909136074616981
-1.920971469797223
8.02555174799636
-9.918244689095445
3.4116289519151906
-9.14363101368508
2.3897009588727087
-8.947510715546741
2.499270425940267
-11.438336839573822
-2.7354357907097437
-10.162469522098036
0.6600135249391315
-8.112733019486768
-2.7245405882495106
11.59570199402333
-1.0336428216924105
9.554873344559383
-3.5271769175014924
7.941570685330589
-3.545398572459817
11.541832400560452
-0.7409406842889439
11.794700894904963
-1.7447630405640666
10.120988565617154
-1.6961522322817473
9.752626430168675
-2.26658355089603
8.305107632320869
-2.9589969872577058
9.977886562388449
-5.246036883292618
13.226614374760175
-4.02596352166438
-9.821865734500534
7.665836052845407
-0.1011237245711527
4.918082946589493
-2.108953000188194
4.6781826620917855
-2.579250615932324
4.783852806853247
-2.4978172057508345
5.489542701814571
0.968550202635015
6.066235188684004
-0.33255793865100713
4.203285961188158
-3.474608615886609
4.111715565506529
-3.348944135424972
3.4572110695880838
-1.0431222807092126
-0.6391403235975304
-5.404006051749093
3.0934275220133713
-3.6438053405199753
2.2494603250179352
-0.9760782453558932
4.169484502828709
-2.3739362352189346
1.3196143942586787
-3.311410339869326
-0.01454914802161511
-2.457321277943265
4.330803257174921
0.8916198919723684
3.708729261828921
-0.5195860784133401
3.8141940165241977
-1.6977354977298091
3.687372647709708
-3.7467591566419287
1.8216804086514458
-3.6001487218181865
4.954202874590919
-2.2265669258667913
5.513959667032395
-1.5063892176294758
2.587965359360169
1.0560589728884224
8.45618961053151
10.817019159667325
-11.343621982578043
21.592304531410264
-5.968043312519512
-2.514913572864316
-20.459417593892795
17.70237776253998
5.639250245943913
-5.228267416430754
0.5336001362938987
-7.794987338349529
0.7371586419030791
-8.235515430074884
0.9417610023247107
-7.629181267124295
-1.586766579972391
-7.955321170806201
-1.573562856834542
-6.716321952320868
-2.3397113102928415
-7.315503945184901
-1.2623448642898438
-8.052694866983074
1.3890178330329945
-6.34921333062448
-10.708767401176374
-5.440914939441427
-10.821184619182532
-8.233153578425117
5.498893023752316
-4.385847671712327
0.724461762512874
-4.401193705234618
-0.8651611797631631
-8.357884161789116
2.09072990390996
-5.606451343452136
2.2461483643110114
-5.053614738060787
4.319048605815624
-3.00312193161335
2.3548932750836684
-4.476313418450445
1.4710709989558381
-4.255043674980698
2.358380164792834
-3.4773740358614305
2.289793861693397
-1.712760548463848
3.082512374419821
-1.5500692886671459
2.774548662137022
-4.321198237956196
0.4414928708829393
-3.6123835630132817
3.7108347794619476
-3.8563960910432797
3.8260241022599075
-9.643678580916458
9.639035212901945
-15.450218825533739
-9.909388169477097
-12.445477596396813
-9.820764553951449
-9.550921600575748
-8.034851868163969
-11.056660214426302
-3.1928890731469437
-12.337800219280325
-5.103116243031764
-8.920120970158678
-7.766612029658063
-10.649804761895211
-6.693465702561298
-7.51685937678667
-8.250900991601156
7.737654742290033
1.6716124503309402
4.219104177962436
0.31310568075059564
3.0607284625384636
-0.134936327678588
1.5099714876560029
0.3538593423199927
0.9864801914263808
0.8320752057697973
1.9167230848051986
0.4038464415298222
1.266148774226167
-0.9206087395250506
0.2875844850750582
1.4243278843550797
1.0072295326735912
-1.0915052706259303
-0.8732373885304696
0.14748201981637976
2.3836216224972304
-0.1351472691658273
1.4878529672059813
8.21111182063214
7.226467721093286
-13.376101388208554
21.136956757909502
-7.617437857566983
-5.555587928060049
-12.697732974687824
-8.510943917717668
-8.201365739792891
2.5411675004452263
1.4094424883151078
15.48754756463859
5.465272169931268
-13.155381953347387
-2.8748086945815885
-9.669234074524866
6.1174836719455925
-11.232234457263985
7.703862424530598
-6.034686949151364
-12.810384324355255
2.936863690139944
10.417343109987996
-4.583310301650272
7.087037037743357
-6.541690507205203
4.4833308822653635
-7.551362209165745
5.057508460224199
-8.464652100843523
5.193423707132752
-8.728559385215704
7.779858821473681
-6.712331876422468
6.96684937156715
-7.706942336017164
4.527037140978791
-4.617986493516582
7.342971645879516
-4.224204228410599
6.970893784373402
-4.965959984541769
4.141827952187668
-8.456616238127026
6.068283153417724
-7.818976680500782
7.60804616043788
-7.505589035215962
3.723131964490676
-9.197115423279683
5.49844819291684
-7.322161307487477
6.927216166854123
-7.515863891958361
9.139491667236143
-7.978903481605812
5.897381583334209
-8.630432644773464
6.067651886245585
-7.026025933579149
7.472932550754194
-7.136838911852465
9.453353591823543
-10.056240041820274
-16.90600259263192
6.316574210937688
-29.20412609667619
6.438228125840396
-28.487573396279913
8.064076685815962
-27.76166698968882
7.0695318691541615
-24.978867681047632
5.116007830229137
-25.950096229125847
2.782088821319121
-24.72687324212893
5.330149719280598
-21.68708977836104
5.200858599808271
-19.396180678972087
7.616357186081586
-20.08556337668051
4.677350525254951
-9.639827602533842
-10.842652962774082
-9.833195632782008
14.819835319274716
2.5335051275633305
-8.558665139777077
-10.268432812899846
-9.035572197146394
-10.19169055715247
-8.561214893003125
-9.886731016820704
-7.7790957465058455
-7.2792550456069876
-4.313521198395392
-13.211680789729144
1.5575613685432472
-1.0526666214645957
5.731355222897037
16.633722919010324
-7.044578387965885
18.761271195093286
11.131512473402836
-3.807833893533825
2.556688102764383
1.5698029691629927
-8.631123728902821
-56.011999341306364
-11.979576022851688
-4.0630021243614465
-5.2544614664620894
7.284910502929051
-21.64435035693714
-15.985793963582182
4.142994413365159
-2.302415663481952
-21.86113515346551
-5.0741073173830955
-23.363291127683624
-7.344519611126088
-23.408850181911475
-7.379713606826044
-23.298831509966476
-6.480138687369617
-19.078113927664162
-5.747675111128046
-22.661990667662394
-5.947164879760749
-19.30429389899291
-8.688971149958888
-21.175016125051116
-6.27348873171286
-20.966517751745414
-3.373024024771439
-19.512617407639482
-6.034608584288435
-19.9366817459686
-4.976267550344346
-20.476591635006116
-4.588322795951171
-19.72261990399784
-5.339102244344758
-16.996053221768307
-5.976335899431433
-21.578668204532732
-7.322392143583784
-18.494406088044343
-4.416785536715906
-18.44610264365474
-6.510625185099343
-19.640824727992367
-23.118003630719613
-15.795813142412953
-25.98098391431631
-16.623349354986203
-24.357761925628438
-13.875387955267797
-26.04694224072591
-12.841089799017936
-27.224774958662238
-13.325333186110583
-26.28783739577375
-13.542812198777028
-25.287578615449092
-14.202908317960464
-25.240145697682237
-11.345231870931457
-22.3590515513406
-10.673463903522133
-18.667528650496024
-12.404972090687806
-17.26054534818104
-12.203163787882659
-19.745907723458004
-6.034555246245873
43.386435813512435
-25.231319112841447
-16.027748003909437
-4.958047293070194
-10.450800268963576
-3.9933861826302746
-11.088589071385286
-4.332995456736171
-9.297446973501792
-4.19473542779815
-10.827285318158829
-4.039033096782077
-14.991322010264412
-4.369022118335124
-13.001600352179594
-7.470817742636427
-8.941458538489314
-1.8672275688713853
-7.606547248444258
-3.4062264434778626
-11.839318566475413
-1.713389383021422
4.784947973159433
17.48202054498688
-3.1155641349905636
20.828849460725905
4.115147878012067
-9.990753529131325
-0.5428450312992936
4.526529628890785
-6.487470870508332
3.1148281532496185
-12.163903802547793
-12.99833597729048
-19.80289830388574
-8.721725961067932
-16.721007503374494
-4.118033416758408
-49.984484678470835
13.252535756790166
-5.443720782473974
16.854231066699867
-5.573426264254522
18.549583980768148
-4.5036741933017765
14.46406698625833
-6.571696700821121
17.081719016448915
-6.005015142996854
13.84143060354836
-8.024844465024216
12.253389611614693
-6.115925354088176
14.990289183026107
-7.442564291946837
12.859483144029582
-25.117414044325415
-10.845126843993057
-9.365120327422119
-0.8616556547385699
-9.39114316582527
-3.00329512926146
-12.955074305462404
-5.600744302755629
-12.277259455444437
-4.530108124203252
-9.66802404907503
-4.8155318243661895
-8.535918550187489
-2.1176401685079327
-8.70994575480654
-4.03823067495432
-8.046932407485656
-2.990410985563358
-9.9028314028983
-5.48165842508206
-11.038513845842317
-5.32746711865002
-11.631447038331316
-3.5666987195581896
-10.776822701955098
-15.887482801059377
-30.358251410005323
-13.91212606564659
-0.12741672639276658
-20.731672230040203
-17.942163474304834
-1.121109582896679
-25.105991596432432
-27.17125190407569
-19.15433163074158
-27.953322345501874
-18.445672602709237
-1.1321179065998876
-22.939499366179007
-27.004355829431006
-16.94889930406498
-26.11612398804209
-16.091474478036616
-24.035840961783833
-13.38261149801292
-24.297922900510457
-12.427148656965073
-24.809379076245023
-12.997323057115864
-24.489973356372502
-16.13342161460787
3.7168161732988665
-21.584791549883448
5.447208912644783
-18.610724165520878
4.622606543320217
-17.900271137177697
2.6471976937555155
-19.52157553793768
3.9009557714507537
11.373254796166293
-7.830763421310621
-3.3683189545172354
-6.809861536956305
-1.8331548658698011
-5.4333991327330295
3.6579359622282936
16.42494485485804
-0.936445381368685
17.833914053520857
0.008170410539605655
-6.231618337633336
-1.030439099717114
6.872091056642603
-4.138407414289759
6.725308223847605
-31.484161837230204
9.316668890543951
-5.624654131479474
-6.929944602370597
-5.706797086810184
-5.996837282913475
-24.36860981949576
-5.719606574020872
-24.273030212938465
-5.825320912777897
-25.597433563118102
-7.999054911933854
-0.056568838297607726
-19.616829352595232
1.0891163758351468
-20.06613993893916
-1.6226319308989332
-22.257649195562408
-0.3056516033866501
-16.390109301093617
1.7675115493857447
-18.2259647767969
-0.7389492492729914
-8.163726405364287
1.5756176514132676
-8.310828786699858
0.6153489033695223
-19.417330385816967
1.0691399089591869
-20.04972088134491
1.9861354487311473
-16.133337116070834
1.191057839178029
-20.325849327547985
1.4361221530616604
-18.42692463327694
1.991874048308091
3.281362217003334
12.601851840461677
-9.294493941439214
16.37270631595311
-5.839975573308038
12.141760566091762
-8.667200254907584
11.127899345443439
-9.488506636233069
12.48253642099553
-6.160588892644228
12.335235210053725
-5.302780919229917
10.426260789941807
-8.491297446698809
10.968892418648466
-5.048030425452453
10.71243145968947
-8.006623680630582
9.8780773254839
-4.810310786628179
10.917840071242608
-4.652969944831057
10.43609361541894
-19.433036444221216
13.433766355694388
-3.9844052898260998
10.663163356570294
-18.785413886571405
14.292275895271814
-6.3155799297455815
9.763300125514434
-18.9113075831483
12.480558398046924
-17.767075835619835
11.649710661607969
-19.292571365884214
11.900396898796316
-6.837854107034218
9.561977799425222
-7.0321492837429105
10.647929321237825
-3.6901691564617067
10.03470081001069
-5.9219979422650795
13.611220710623456
-4.834862555671862
11.512276655192181
-5.52212125292499
10.101523452131005
-7.9565722011939215
8.790446013466862
0.3933039630865096
3.8407647621606884
11.733069046274977
-13.359452382799645
23.149331361124496
13.869592260291029
-8.7140282225173
-9.87436637995961
3.795764126072754
-13.777933294290051
-5.675176957664007
-11.023436125131411
-10.266041855938965
3.399469314228554
-17.419550386948686
4.624941052739814
-16.334959662772235
2.5593814545663918
-16.684851252410226
1.5387979476927285
-15.679422225497547
3.1172084961617657
-16.149958753900137
3.0966237525863107
-17.238229481203234
1.4445381193490903
-16.102749692950965
2.0359146872615383
-15.855461970435499
0.2700640142629709
-15.64305915510522
-17.704001073112522
-1.4512882626077044
-28.591866482121986
0.411981420864322
-30.548885924901697
1.1215543839589373
-28.73751085501135
0.17657185693678912
-28.07787487491987
-0.8369111486845213
-26.715870391246426
-0.3932534821888112
0.7115605031285668
-3.1301094197988277
-25.49817041960523
0.2158096801431384
-26.513904250681662
-3.8133927632279665
-7.449115504488873
-4.6603776529373135
-12.13599470599911
10.39943731272433
-17.4984045211786
-17.211162789675654
-14.997498647155226
-13.590326729916342
-6.926448319092742
-2.793132232322023
-2.8327880149608973
-2.6087030793041777
-6.191709932789308
-2.0649493969231116
-5.696264181791776
0.03632281751015398
-5.8292208322618535
-4.019627804034826
-7.209522491835742
-1.9547886163854855
-6.884843071031355
-1.3968856774426968
-1.6182041521587962
0.9611791366623947
-7.007650187622858
-1.3345809755774098
-3.702258814173547
0.07622091684970655
-4.509359276400573
-14.619394124685641
2.182812423670839
-17.24394580880471
-3.323125767006786
-19.685637022705123
-2.9073340681916306
-18.81217797971658
-10.68620497570737
-16.67864554134394
-10.232607187397662
-0.945021845989686
-5.1918929530838795
0.15760543187388976
-2.6990412605082383
1.2406952937290043
-5.718054399059838
2.505101743639898
-3.53267116945608
0.9922121233157668
-7.617020791994946
1.0995738481087756
-4.999930877109364
-0.1412356420969445
3.724848135952925
7.458623533695572
-8.338446299016141
5.55466110452835
4.816875635615361
-18.74430887876042
-0.4093999815922871
6.325047344229461
-17.982606176321497
8.026005908863226
7.551212199708971
-3.5823846788607625
-14.073701667663045
-3.945282626971675
8.284138824914407
-7.5320359245033615
0.6513562170966907
-4.800359980641588
5.1286688797408715
-10.400138510933175
7.094643240377991
3.857296353966376
6.374794762166857
5.100748193424806
5.847594013737762
-13.535444715866106
3.5792064819397638
-17.64673903641051
1.1267205845106218
0.9810055672605813
2.5826419809891377
0.10913862462075485
2.9359788895635575
2.384712353521536
0.9094939754031657
2.0212974927799223
4.027986653642074
6.397591432041736
5.383011458248802
1.4028539098944748
3.3598569264740945
1.5218870244534628
5.132436776324539
3.1848506920377986
6.700693640859754
2.2206065750197013
5.250254919536019
0.9524560189984186
2.671852376195602
1.2478296987192152
2.313442240942095
-0.9582086807840824
2.3374136093425477
0.7589965181232401
-8.93690337699627
-2.424875353990501
-7.402907597568628
-2.006973421513976
6.507193028235633
-1.639599662477849
5.177248210089601
-2.0782938207212283
3.5320999256236973
-0.921170539333616
4.310263676383329
-2.5933162682995317
-0.7241330337019463
-3.109154565121571
4.946193239551576
-3.385032612892246
-18.42170735358195
-20.142887104246256
-20.206486198880157
-2.925479785155403
-16.93096443239847
-5.283432130147048
-18.814916741168418
-5.680452301450714
-15.3312317642376
-3.6945048627057986
-16.98567348194956
-7.58815470461559
-19.74918221643202
-6.786952963344447
-17.077898077039208
8.742651087160993
5.686809117094526
4.387947391052876
-4.238938918368149
3.2359171803200297
-1.1095448396845313
5.549956846954956
0.46651867264154134
1.172022968001329
-1.938966605843234
-16.08597791925422
-7.479965944126889
-6.666522217064994
-14.255843103725056
-1.539104541632696
2.866617986373967
5.16954397697009
-7.865512345068055
6.037906031191596
3.7577336571084743
5.494857249255801
-4.5787527880365815
-11.549409241990361
9.2180645085391
-7.809144909886527
9.14530142397416
-10.20538899854364
2.1971075565634237
10.404735349806288
-18.551659843958987
-2.580438868188139
10.142227339232704
-3.079059672982112
-13.57431097328481
-22.087202263144718
-8.970037821396545
-20.63147013827256
-30.60126056179797
-24.070637103817717
-25.73946910045015
-20.656746293625474
-26.709257861764854
-21.926701605807466
-6.395116438794503
-19.15830084976551
-7.63346748983713
-13.92821961941263
-6.581096113361127
-18.07589650569571
-9.387034672263326
-18.248446805333515
-9.314508548255617
-18.63396047183778
-7.624451206167578
-16.43114941731801
-22.43841293215337
-9.508145890929882
-26.378716759008967
-9.868243271837855
-23.534411024067595
-10.867220371772419
-23.316117367841798
-9.030151176268191
-21.893863652470827
-9.018237344613226
-6.228166829541806
-10.404833687540304
-25.557869627824402
-9.57612724199862
-24.662459656918145
-8.40507240084844
-17.57768895776644
-6.322185032806374
-23.663431128852608
-5.972556776005149
-23.64524599744618
-8.529752149222986
-4.673800387159645
-10.170980016242538
-6.729184168980282
-8.849340994118393
-4.052422105336518
-7.978154459313373
-16.046824267163174
-12.651100424647666
-27.23096807791626
-10.934925714165729
-25.200162389835896
-14.959893087874661
-26.634948106426236
-15.546873202862116
0.46415332198375836
-13.92040303648173
0.23239498986549734
-12.917403960334923
0.4293621115957649
0.2503759995888686
4.352390291685879
-3.640361305589977
-2.467826814860018
-6.94303375425261
-4.945115047732543
-7.171103066295473
-5.276962759340677
-6.111288637830512
-1.881129440933364
-5.811707118125923
-4.214735262838076
-4.094271432608366
-2.6222094361546624
-5.769574018959247
-7.58523716644595
-4.601115499068328
-4.664731357606797
8.71540998391356
25.080211728376526
2.390409315974466
-3.655324920799103
5.633019318329389
5.488614529112965
4.9727381326774776
-1.8010963128381263
-11.304204717391258
-25.707453789522333
1.6485002708395768
-0.18896158180177736
9.862251648246456
-9.57269409102264
-13.357402128665854
-24.856044214217036
-14.690312665170495
-21.81898058189654
-13.99967830217065
-10.598014256920578
-22.3502613767796
2.5031332760700025
-12.991438146969813
-6.159253292407811
-11.791852632788505
-2.70541909606618
-14.17722751776455
-3.20615882052698
-13.417317739931605
-3.431863390986109
-15.473749002354452
-5.523624005018064
-16.50706729857484
-4.4073785307828075
-15.985667672601267
-7.058240482061592
1.7552248044848966
-5.12791105775068
-9.976609667201046
-5.986988929193103
-10.356474048077871
-7.336235628656141
-11.439611757057719
-5.421419836675341
-8.830208729828882
-7.792844713547311
-8.432631675077573
-6.091176223781076
-11.089495570993677
-7.123859088849713
-6.382080776105795
-9.548985344730681
-11.069730638433612
-9.368604837078237
-9.197077373888533
-8.345513734855558
-9.181709247550316
-7.7525722041955305
-0.1236634022607177
-11.747261405183963
-8.129760254934808
-6.408057276899854
-6.478545055255381
-5.716148047244133
-6.477203643236862
11.748828477720963
-4.017791891692468
9.800821550970795
-6.577479847037466
9.77702620234595
-18.387128196474805
5.112221660383511
-24.632546710652605
-11.983489812593689
-34.980744323098406
-12.745747117938663
-7.911211251586792
-13.415122650581907
-10.60215976282052
-14.846505009609245
-8.342257945783786
-15.292005748797237
-12.174042170854591
-15.471814151054787
-12.121906072339698
-14.431153723284297
-10.523752690862239
-12.717125962142745
-12.435646972624454
-12.543794943738249
-12.156112558339373
-15.348655126250378
-31.552658566151877
-6.072481124278056
-35.646565324355834
-5.020934802756528
-37.931726905668256
-16.237867969597573
-15.92697238621804
-11.988403261982967
-5.333755040870528
6.294171416104291
4.249155038367462
-7.251730261798002
7.715417296109081
5.409219186352857
1.7001951518486749
-19.297804874386202
-15.164865628319603
-10.872467820452584
-19.21490926307888
-6.41065476098629
-12.190523331857548
-15.08436821543728
-7.9219584966340335
-13.279039287976047
-8.98120034938438
-2.4475550973820646
-5.872616317175925
-4.718774650644264
-5.99887088489595
-4.236606449712781
-8.694893516400043
-10.029144521529815
-7.281992375308619
21.57588159689294
-2.575509095526286
-7.417200704107017
-2.8424610403599218
-9.62820078779805
-2.314148325871429
-6.696408620249713
15.423074447777253
-7.927144682555081
11.663271814366453
-11.825660892429369
9.445598737711407
-12.934368447842644
12.741180450846514
-9.42319761339968
-5.217892244110772
-10.363679347989091
-1.8955498874929617
-11.108937420258371
-5.87335424309822
-11.49406464477579
4.600721953283937
6.0021996315226716
5.255053586348367
6.086480799787751
5.965077092234424
9.17869775753934
4.041428096586969
5.741090554671246
0.3010597241282085
6.339234655200926
1.8284424734702043
7.471369299637445
1.1500368763263396
5.684258455188683
2.416971168535383
6.330493762707192
4.5662598708022415
7.001963819433513
4.323112422564009
36.01807694049967
-1.2812045755581494
4.726539764418703
1.861875674678231
2.7427570799281966
5.10391824315775
5.49517573038429
4.392880454039187
2.036676595578683
3.791499658365865
6.685015575734724
2.2032886511424294
4.181579659871204
3.1738621687127306
3.227166735676292
2.7480489775643946
4.117800473570242
0.5226028259421582
0.300732413872538
0.5828962939413032
4.618534971194094
7.79234581351011
-11.250955840569077
10.646065937187814
-9.636181437317646
-5.375619403737801
-9.613027838695416
-11.43310197775645
-6.2485203976866615
-22.23026584076797
-12.691471370844738
-7.79140590321731
-4.931009096111666
-9.38498567760871
1.0517529062526592
-4.014813974583376
6.646037910630184
4.185032424820747
-5.658456394243331
7.56901449655561
6.568810195132755
-13.601811854206971
-4.6090515905652865
-17.122593378426245
-8.967093185881822
2.573766490771959
-9.220717212239833
-6.789696894169538
-8.25259402903066
-2.239728364162147
-10.504798126159585
-12.544281804137427
-1.4221591666082531
5.538632611427602
3.688592670891012
-0.03159891874929599
-7.09230099398701
-2.193007515381396
-8.823291567574415
-1.4104177913814056
-6.238601249429848
-0.6183784237982763
-5.441935516339072
-1.0483584418634564
7.7694198675162625
-17.576654555168716
-3.969249252051668
-15.671202786437789
-3.4294801457344875
-15.272331942402161
-1.8120098292056355
-17.26897258250756
-2.142929059002199
-19.045336185785345
-4.46174618790792
-20.997681555872987
-4.4902695644050254
-18.893533177582867
-3.4425133960266976
-17.384373256656545
-3.5132187173821876
-6.760974062721289
-7.001539465316455
2.312510672258213
20.67099546746249
2.7332024968964106
-4.3792957273344655
3.1011519210005645
-4.676815555736539
-0.2944340262638434
-5.795794823066899
3.3385583768977085
-4.1076772769556555
3.1138073089823592
-1.43994734467924
0.8633918308241846
-2.8083591894701385
1.2872076018247753
-0.8131039241834515
4.363387827746919
-1.2739293736667605
3.5725711020877498
-2.492382974111024
-24.49275868980658
-6.0125576069476665
-24.727480242263482
-2.7226899565775966
4.065231814089202
-1.9118133376778133
1.9459953014593339
-2.294201258540852
0.6742960612009483
1.168816154322485
1.903633171274123
-1.777854623460371
2.297206693983753
-1.1244353706224501
1.370542705337357
-1.2290568062835519
1.790145204808141
-3.417422896674907
1.3843257942025957
-2.1967564910955844
-1.7821483875140984
-3.0402823299973534
0.6485246768861543
-1.0463048057899869
0.9726125091365247
-1.296143916042638
1.768178457803515
-3.695775155147203
-24.523193689021355
-4.1366537193644035
2.2838355505773507
-3.8357909335554723
-1.4841299458348658
6.806996533785423
5.793548448486035
-3.780313622086396
9.396745678717707
8.326488996193802
11.66681654734748
-18.413046360172302
-20.291013874159034
-4.122703969209397
9.673475042458449
3.213764752523275
-11.21203800569856
-10.107438509265194
-13.479224587619683
-0.04600367398052185
0.12359967477459577
-3.7922076787872356
14.673545396786722
-1.1242951216445363
-13.810944317081521
4.1655026300941245
-8.878390816347746
3.210840255045696
-13.7804603044533
1.7778145852316811
-12.043442111527838
2.8826582289111684
-10.720406253180045
4.14485433714799
-12.246907665383333
2.287049819689855
-9.285136956264978
1.8620639949313045
-6.518456935918948
1.0881109465135523
-8.70466782517542
3.673693961716708
-7.791709184793945
-36.21632118428715
-25.790205507861174
-28.705972754252798
-27.278392706917657
-25.367239358773077
-8.05388115990172
-24.677139213848932
-24.909742590616588
-21.722937807986455
-6.356778999877861
-23.055626835714065
-14.729506868063254
-27.04810604162776
-7.254890908810921
-24.954397024603168
-4.68376174441255
-22.054933733041253
-11.437923958939791
-23.489471220147607
-15.93384251952557
-22.641125275269587
-15.023937024552652
-23.587819081758425
-14.380839066945555
-25.874025306735348
-21.83904785285995
-22.66158516597352
-17.633409918598772
-24.354222602392838
-20.49855417489198
-24.761083140632763
-19.926560706428063
-25.151113515599718
-14.129473563829379
-24.44258662773973
-19.314604389397573
-22.10734967886492
-18.91828520601848
12.933565518294927
-23.021828900065884
15.193371248205949
-22.39615190672157
13.950409442290038
-22.95671047637734
12.913245493162322
-22.19875381595557
10.205612733918315
-20.541010514685695
12.143483570738681
-21.786063720652237
11.970079808375885
-20.73008111381023
10.699990608034568
-17.963792600583474
9.684390581722255
-22.25479564892521
10.78478617941255
-20.31246078622462
10.08921137692414
-23.1203299851295
10.794359805780914
-4.080027193615024
3.816125040364568
5.691781351533791
-15.976088843501202
14.317665734350157
6.022549265835551
7.187953676680991
-22.031288509086153
-3.9924428047870606
-18.74957284301854
-23.757648526356206
-21.632673002764932
0.6994315135143552
-24.25220218809409
-27.48182706737134
-21.963448329282983
-22.796384416969886
-14.450539475559708
-23.67470316759136
-13.258741035038838
-5.784721465055554
-29.298049925821033
-10.784777758972268
-32.33064223927795
-3.1178116078317544
-6.338553272118588
-10.550923188031447
-13.048648092139047
-12.533191215781699
-11.752374923042225
-7.773703182883764
-1.3288718604435417
-11.976141430026473
-9.639799126536673
-12.83598184206312
-7.548588890056635
-10.840975198178057
-4.2407191470920225
-9.913032450787796
-5.19277935916034
-11.719702940921707
-11.956328506166756
-13.272205580591617
-13.17894397692362
-12.97034215464737
-10.123164514010568
-13.440830459036079
-9.373273210860134
-11.61070424366335
-8.312871218517103
-9.639690111936943
-9.252120530689353
-11.523575193547003
-6.8233928959743935
-14.720131057021717
-9.121522265801104
-24.819546863420328
-19.299489092405565
-31.236132489224474
4.274415578105618
-18.606802533351583
-2.242922282908694
-18.819108628173126
-5.91478231621295
-19.091717132703707
-7.882967614052177
-19.91640493241721
-7.379250582203895
-19.454236160820074
-7.503836619080175
-20.08094775371137
-8.800619251012904
-18.0455379095456
-4.204886554105542
-18.89959893904779
-4.517721052956404
-17.287109457223778
-4.623675861203083
-1.9671389758477744
-9.672376515452925
-9.326072964595369
-23.461943125095786
-8.726966311198339
-10.356031803781661
-8.90161323418215
-5.707345988681482
-6.511879685345775
-23.015669591994083
-10.098307084850603
-12.883715177968043
-6.740655229601543
-8.95214352667972
-6.626124050691942
-8.117226371454308
-5.445931997795924
-10.760570113952781
-4.465069950883844
-23.15958946619685
-10.013621168320242
-27.845118906650896
-6.3605586652847705
3.1688863210183627
1.5564276968143531
-17.281858963930063
16.334923224445447
5.683339370743852
3.2805639283760684
-21.39234093563755
-9.450259264700435
-6.597862443875783
5.357543061507386
-1.4214553044839704
-3.1416612172706664
-5.262856001168984
-4.44911592626886
-4.907993293281834
-17.646988321146637
-12.98017135783084
-16.50433534903823
-4.192777228770865
-7.34669467861022
1.4358621494466206
-13.803833686501093
-0.19186128570436267
-11.567850765299227
2.9149634587611217
-9.283230232984351
-14.367209278321752
-7.584782902606094
-18.890920470388664
-1.6442494116799935
-18.58331556849771
-0.7745340767341986
-18.754875088470726
-2.8399611964232463
-17.924413781011026
-3.2353631161677185
-12.241214052803116
-13.613136339818084
-2.128061168197746
-4.5930687945747195
-20.94375349886286
-18.99283564595862
-16.720644897648526
-19.115557841974805
5.98249713104633
-18.55334078692431
5.211809504107805
-18.93549130608335
2.5105487498913135
-16.548719959559094
3.3741844853811926
12.694347662709333
-1.2304168998016394
12.93623664379993
-3.9518462071828253
14.624475833717952
3.154092501488776
13.714852578688806
-0.25019306916510686
11.414282717767492
0.9173128842521692
13.027954691671766
-0.7327446422277717
9.381179580603202
-0.8365224665776623
6.903757633372152
-1.6129682282498834
7.847997909651895
-1.3377967661581351
6.484655495236439
3.1551590236413176
10.020818828576012
15.419794733463277
-17.904274653217726
16.22201867425065
-13.403705071743389
18.386802975439423
13.732726582780742
11.754258198889147
10.449603611685234
11.642973494150283
14.029714587215494
13.270888944474791
12.054110627586851
11.863138669428736
11.253409412909605
13.346204723504343
10.910634576948723
14.94868941959976
11.698200922890464
14.475028634409682
15.892402581768692
14.103409612300311
12.249744698267023
13.709049983584919
11.910536757439331
10.52087597344871
11.912220211232125
10.251638663219637
-3.3040941106119135
5.530289892702058
6.676742866555287
-14.740789562405553
22.204328309868288
7.0735272039401025
-7.375417096582169
-6.733264818398311
0.05797540232197207
-6.810284149800282
-10.105825967715646
-9.004386407332277
-8.547266347468394
-8.12066674763264
-8.80036804077281
7.271219635622401
5.669662556454568
3.745227689087187
4.11628194563491
3.1047452679576963
4.595191050631911
7.4392418292409275
3.6116226922640635
4.601037661423106
5.839116789649779
4.822286631855604
2.9378810852413153
4.698881450634872
4.945857045993762
3.960344238927064
3.720168187719537
4.239360235045751
3.5176132819124177
4.19901193581245
4.798937211300654
5.559245716507576
4.212759203766836
3.9729032150607964
2.3843123522219685
5.547257062491553
5.149250345879409
2.499069184450491
0.7291563683829736
1.330111497132748
3.5121226796072733
1.93554034110457
4.132585119219584
3.08543806338821
4.369109515138916
2.5525566552551027
1.8822862772613007
1.879255626212398
3.048944709540592
3.635083743931318
1.9894184620479791
3.7575146579401917
1.4345254926847701
0.5815944779988058
1.377789882981233
2.6762700024155492
1.4454078478793235
2.4328238171656267
1.4725677945516509
0.6612264995037549
2.0535976099272375
1.1379605900583556
1.4009584055656887
2.9366174826318456
0.00015809086653462145
0.8632312309218833
2.049246681670411
2.125709779918907
0.5309387168072135
1.239864856344866
-0.6477389744759421
1.7856644950807095
1.6281101976182981
2.061443496897482
0.1513099270487146
1.9222216416237643
1.659251191351359
1.210587023955668
0.9385554226246313
2.001817817475967
0.9027518453694938
-0.4428712465833087
1.1498292234264227
1.8396570223630988
1.0140256639551808
1.8805912787629495
2.317428396501782
0.4825204431981547
-0.8101343440903293
0.988868832551816
1.1797105596051551
1.049464036599602
1.2006517386271298
0.8331620822154946
1.2396597248971375
1.8053847668197704
-5.029963365977892
3.478194549350519
16.66622828772597
-5.263806393599225
19.48073640709117
7.33896161197481
3.158783092696467
3.135565986887741
2.496019079679172
3.2244188406566536
2.3775535718959873
3.760740041718236
2.7224646254817344
3.6545054869820888
2.7042924262077577
2.100185825216613
1.9824676320749859
1.1214907253306592
1.5747207749063818
2.4923331203190173
2.3517846120903414
3.0390507065549173
1.4355803968428518
2.0913304868681735
1.9522584659571294
3.4890828651095944
2.6903191111086926
2.673804461664986
2.1831945172452834
1.9192245899448608
2.378582029068639
0.9637669722487772
0.665840472040145
1.2998729964783706
2.4235429703876434
3.1806633131327544
3.382805381443177
2.6696571145093912
3.124760591346785
2.4386891276571987
1.8004757059788972
2.5312746800555033
1.1533467887074949
1.643937516515507
1.3857276416692912
0.8958002921972366
1.4725977973339468
1.7836830351134267
1.3082531746531458
0.4856473717827612
1.6688073569548578
2.876533706124974
0.9554378042103053
0.35960865135348286
1.191898209752253
-0.361452733821352
-0.15515074586801347
0.7600286705946928
0.4159941287816764
0.871916734467959
0.28426072531874524
0.4261285731790849
-0.38435473981189716
0.6544440658562962
0.9557351369185199
0.4892980460062972
0.9547966469672247
1.2629186475405731
0.7181834506500309
0.8087419451348978
-0.15631277749889705
0.17684533167812333
0.28637309263649513
-0.6978961495351541
-1.2835957105562557
1.184266612321153
-0.11018084719216859
0.8724299101813813
1.1740130432372098
1.9931361394192209
1.7473911521756236
2.006559010284036
1.4494561207284278
1.8154768152071483
1.5966490887494729
1.3805861317250674
1.586553971763351
2.027417020208304
3.2829291516100056
3.3155637012860097
2.588133971885327
2.485202227580885
2.9921175958079402
2.698390091833062
2.8857001869328087
2.1182833793409372
1.0232905513876176
1.6591277013903891
0.34786257177984226
0.8960625449017243
-3.218340128296404
1.1606020033468667
6.108594729455945
-6.124708911871494
8.735678946615735
11.849531578001915
11.984116431158327
11.010981639999954
11.147394651372451
11.68115226851296
12.980353655244471
11.400208547267539
13.498764034853593
12.390024762855319
11.977327455486375
10.480658397598745
10.482236528341673
9.717237808014033
11.156607794711817
12.079467370062048
9.36750482647767
9.649508670470823
9.968086847742597
9.839915158154326
9.117194430264135
10.076417868433055
9.644156280890456
9.619474910878125
10.294589293160243
9.579332433992022
9.27484081393959
9.608507313492737
8.900230618213754
9.734460961564764
9.114366343384972
9.654267960251673
9.411057037264982
9.187722831973588
9.5076202793407
9.258356972661204
9.639017597830389
8.290583452817373
8.91819043646683
8.680815449213696
9.2293804434521
8.783042080131054
9.53956501365792
8.613439275944984
6.781768161947184
8.56606458036731
8.294965060265895
8.618141659986577
8.058717244402942
7.158277879205343
5.296753294822338
6.466493257032198
6.62306536874712
6.4805815344352595
6.9603067638690845
7.600563312218583
7.737035998767169
7.229398501205651
7.283268311608481
6.730926814278064
6.348954036855503
5.765991958745872
7.072513784207331
7.800046267133439
6.754713675887615
8.71689373180925
8.78493956395323
6.886237708926274
7.336445632101459
6.868884200914181
7.202231333702002
6.522039020986995
6.82829524362387
5.818067944455834
5.637170190188044
7.336070255107188
6.699721195778693
6.026171325223913
6.375829943684948
6.269389303137359
5.8293231115276285
5.5431733202876785
6.426838066898199
4.226466804480879
5.7245379585911
5.390882140998656
6.055512823617391
6.7876561555640365
8.2317073309423
7.102054544318889
5.421795145291981
5.393450393188687
7.394137335097184
6.042541688466372
5.798221721857772
5.8655060913733905
2.139256249214668
4.993990996301363
8.22041856314172
-9.27335335619864
-22.66128778167331
-22.653902364449095
-22.579383039988898
-21.3079273248386
7.565143149722644
7.422560899827658
7.889547121347277
7.00000184601231
8.338867074488007
7.576103101293484
7.670815205272447
8.048377413642811
6.616879336253987
6.006556555157658
7.668391654147854
6.624355177507823
6.5827015620343445
6.106825160695735
6.314686094432545
6.018526059348005
5.876610310186152
4.772962792478211
5.282788498381706
4.965358532630489
6.3876126137474785
4.5355535289363615
5.39009546109628
5.042286061014238
5.013725514667385
6.1919380636718415
4.860295491103898
5.737563479315213
4.387818432456697
3.617855992355544
4.356938261978939
5.003902619422661
5.23044338606087
3.664497577903603
2.6916781536274357
4.09972765724342
6.249168644460951
5.751301051721384
6.216422428440637
5.936158057776993
3.4759517523125396
4.042634122679374
3.1909793080212694
3.3784756278146233
2.6006037297829607
3.6662434308473166
5.714635396305312
6.190358808878955
5.058415283148861
4.872191375516195
4.003333068139909
3.56180320689964
4.539361173117868
4.85928808052995
3.0305931581278855
3.128720278818946
3.162207998046142
2.928259663087374
3.7466026563433843
3.6084195165713027
3.104917903090609
4.3098839024714835
3.8926740338974923
4.055176621741339
3.331340336764697
4.028695439305011
2.4406320562284236
2.993122891859457
1.8141057046541391
3.466850657883697
1.2144602454773121
3.661640097741838
3.2512285573957342
2.8403061862154573
4.098511871767187
3.842425871465821
4.3612049159874005
3.4187356895636185
4.313844402395262
4.271965327758153
4.57975679930496
4.134861005393759
4.531427247629836
4.230304145934497
4.311938981451021
4.781710169905637
4.568828630701319
5.30489129482703
5.3247590402606875
4.671835140185067
4.262508958730905
4.01610234169857
-2.795241895808431
3.2535553857323976
4.896147413712242
-4.7277644946534565
-22.608978497701173
-20.124127465163838
6.972906793698712
6.326607096352745
5.9476908513534
4.828723169917794
4.997420721450908
4.5886312845923385
4.2098196617589565
4.363260639123837
4.644212411476474
4.403375999117998
4.763269276236315
4.159971006387423
4.764730049237187
4.6361837877266225
3.5161634692485677
4.319267223290808
4.67599445250562
4.320313413443728
6.524513374744856
6.983054676253232
5.176319911253813
4.112804528294873
3.5980338871049753
3.6501625549080927
4.834081346531093
2.760082218575917
2.92781685652335
3.317252336195452
3.4774538518613554
2.8007319451589865
3.3500454839886515
4.019773039248321
4.63729083211183
4.937900448372602
5.13946551067238
5.26859712721307
4.992808471188255
4.590071363591051
4.113731435514637
4.90675971339806
4.869251079582682
4.12245621920556
3.8290914035878814
4.377805702311889
3.9237313580233604
4.428457846894162
3.1569227707514074
4.138395111724094
4.661291891339715
4.089929876006863
3.4446117783700174
3.0754124297745875
2.949015977577801
2.7332919214350113
4.553160753172051
3.938813072767516
4.953166423485527
4.77614127216475
5.715711668361109
3.6239791667503596
3.5818184858471795
3.318530790036675
3.538607029531704
3.804601225952865
4.490006353282297
4.246781873094733
3.499616864730342
3.3592010211086745
3.2703026647031948
2.257093919242834
4.029173002922107
4.070186856883083
3.7131315583992546
4.335917620015607
4.499060676113004
3.824401035428309
4.8927375721650606
4.358430610196592
3.175261910651898
4.773998281076274
4.125597652762735
3.5479374578826537
5.146626465162626
5.23632928249026
4.814730983815025
2.7905503605961712
3.845177938550478
3.3427168791695294
3.723452048323452
3.910467792342388
5.34288612436103
4.271533009276027
4.967588421979599
4.434873916705328
-2.934566898555204
3.5515081899466168
6.140291224777684
-4.669615220736887
-22.718566142264535
-23.072053309733747
-22.819016249786728
-21.580489377329286
-21.810985280006207
-21.487814052419708
-20.37923355226303
-20.198450988502373
-20.525556860273355
-20.969014436597718
-21.25521049987401
10.198120247305269
6.884090482128158
5.581382801528889
4.716932164394166
5.152773098920079
4.9740341417655145
4.959175701344066
4.306641543922524
4.248599768761778
4.801683752568351
5.160354506777367
3.9741275436681462
5.012032248367177
4.597226789996057
4.977058318907439
3.921438180253972
4.80810068851315
5.3207040410270565
5.568224045166062
4.24713705776594
4.184019130543675
3.7682133919443004
2.116958386010083
1.0275408647048607
2.4621501191722928
3.4755905803231144
3.221888209347526
3.0952818268269766
2.6728564309960348
5.106886415906047
3.317795799966916
3.693380651759071
2.6537954912073474
3.9747896593580663
3.2380826682037878
2.9160497315569955
1.0161021570092998
2.164894237612316
1.977937450124955
1.7565666630125634
2.459206982604883
3.271378041104981
4.472111101164046
4.041096514192759
3.7266608386871667
3.7926959564101708
3.3247415533624007
2.377629942166095
2.361373931864364
3.329572604123314
4.239474702426378
2.7842242735350737
3.9726670858162834
3.424147180508953
3.3689875141626544
3.4437834885247867
4.256670628390566
3.8405078796768066
2.353873469028258
3.0931874166035414
2.2906072579698957
2.8087157831505465
1.9451162725545146
3.4046081983469776
2.1520897546597553
2.842759547078458
2.649061384714514
3.9399009839562495
3.302738396980203
3.746746798919048
2.757600900004036
1.7652872185281012
2.9801006481047807
3.9449672202044894
4.074070313190532
2.922163635816105
4.2706314024362655
2.517942928463526
1.7793230872321146
3.2078999006098456
2.9115762824822013
3.4140653465838113
4.051769584732028
3.1866626733735757
2.4138420262370346
-3.0219075621007505
4.0081270904011035
4.666797800853601
-7.967081329990833
-22.44958954037247
-23.518462757579982
-22.985694650822552
9.74350050144676
3.174413363349231
3.3919229185557924
2.7633695141958015
2.4177569613602827
2.0741025150528003
4.082334930164507
4.49890577372571
4.492498815397994
2.3919240446302865
2.6505448293501104
2.2643248548283736
3.097236671614155
1.6614610873584752
3.147813534720626
2.5363378916026704
3.383400753735259
2.88743461820377
2.240958969188796
3.327908132889206
3.95703808669532
2.8920773379031743
2.377333059999728
3.7407718532904255
3.705754148113556
3.6877277829116792
3.7969950899187097
2.975203714478994
2.613052049337057
2.479656532072113
3.280659015981655
0.8695659272307239
1.0934576589570497
2.493244581568433
2.5572417960829625
3.4024232823376224
2.2912552358120593
3.126073803678082
2.0795032462101517
3.2617418563986575
2.2998666508938186
0.8403349153541058
1.4437249708444142
3.0162206343520666
3.3026324772508815
3.7433532019294944
4.817896208709499
3.658699112045724
3.046380744615817
3.830231877123879
2.6529474123490218
2.7557588040181145
3.4211440834933455
4.177138625233056
3.7702157786206953
4.10179218828489
4.455465824574276
3.9809142520989553
2.8096249463196727
4.281902723339954
4.358492861716513
4.759769056418008
2.9518627582365298
3.3873227173044143
3.1464108633008436
4.11367882464765
4.13140269647738
2.82537719897482
2.424840594347188
3.1342905084347876
4.004433449023054
3.353233434378126
3.3298690877509216
2.5918732285463193
1.9273193169174192
3.2504924059594487
2.8108952614729787
2.378608726516177
2.012967149625183
2.7666523942461936
0.9132037391864287
1.7063298532284534
1.7926451491111948
3.8936670815710386
2.4991717573648202
3.176314139867827
2.513764638270004
2.6194915912219585
1.7770269287648262
1.4650584453393094
3.3189235086483677
2.4038219991325604
4.305558556634423
-1.1958954735819134
4.660091732879664
9.144779291429586
-4.741042246369034
12.734779311118473
4.302469567797743
4.729299950286077
3.717506818989932
3.465191560651874
4.534224449556859
3.2683000135075417
3.3506436858278903
2.443475662106721
3.947072519655194
4.259734611665408
3.467976075511615
4.254865972365224
2.244808713072416
2.299166908234838
2.494452873015689
2.2832776960058254
0.7696386106035789
0.4640867145626544
3.210893226285407
3.515619099665855
2.3294536701014295
1.7838156203888502
1.9714660061363247
1.244036216805398
2.0339912270264904
2.4830997241660953
1.811295503983274
1.011868577415953
1.1856831461918773
2.0588618623569346
2.8221662549185567
0.9913252703463513
0.9155022727882169
1.255817042747367
2.777988966094199
1.5957468957294623
1.0901016386706033
2.174317425044137
1.899790021860099
1.4373953653193894
1.8959754932293436
1.299903975776033
2.4607223705406795
1.4724180981265818
3.1715656621036032
2.6582116838508227
3.2488594193291647
3.3820998934661475
3.124096432871738
2.722453878406668
2.413046105824833
1.6393739302129688
2.119587400698947
3.0043996481581416
3.4747420650182903
3.2688025191182533
2.9375581324511586
2.830236806983521
2.9539647247092944
2.475999483256601
1.5003361740382388
1.9607941157137248
1.9469682911512791
1.2498974663976696
2.525628181561842
2.62561960435778
2.6342273199607007
2.4562663902361237
3.4629546565302007
2.494324014223821
2.967899235776713
3.429015585736124
2.311500219606387
2.454341860197019
1.8552900407121342
2.558346118874397
2.807055056997342
2.0277883431535884
2.2876645725536946
3.303675431106967
2.821827365167337
2.3121473686915124
2.9871442154690158
2.846225635947121
2.614912697496038
3.0618592831979186
1.7037128052452317
2.382693197358094
3.526848122190131
3.047545524994348
2.2224897015585157
2.207643462888882
2.587543670877494
3.8188196724313457
3.11691142579366
-1.3329125169984763
3.6670613154510647
7.288434032338046
-4.279617690472151
12.740052713852492
4.187240344890597
1.8187306563704624
2.7383601718829595
3.027549613689189
4.307175378795364
3.115682476103757
2.7966811150799913
3.535220453455622
3.6921315552663145
2.2656059387245477
2.36895800756065
3.473752574705941
2.241450803419866
2.2016414163426816
4.06077244885455
3.8300557047004986
2.8774359108356293
3.39666934176239
2.3413355563134246
2.1901033203848783
2.68439089498861
2.2866400387629255
2.2152337100451405
2.6408191506634466
3.3623927863573044
2.6324358974979987
1.7732334777738288
2.451720893712263
1.7391080751149275
2.640206072186629
0.5717358898127713
0.3505222403709922
2.0201407672357163
1.4210813151385082
1.29246227243857
2.242646269969555
3.157861993071492
1.4224451282625523
0.5961246033002681
0.517493419454695
1.6442608910856507
1.9612033131597855
0.6315720216534828
-0.5591871738215559
0.447373641662125
1.2452330293745035
0.6826237497680268
1.5747242350080342
2.3626520198904473
1.3912126845480088
3.254393709350552
3.1235348942227574
1.7005335415706213
1.411417361239728
0.9904532687778556
2.3686141333364503
2.0524497691621946
2.8416114118717815
2.001371429210849
3.503836845011392
2.9912034822300484
1.8930155366779218
2.2027115041091747
2.2576685441708833
2.50434234023669
2.4179836010807776
0.7264166264922096
1.1866174326405599
1.264445544402406
1.9318535362817784
1.3866385816181719
1.522009591009919
2.1346083695498237
2.8954732460897503
2.0880646881851135
2.1574038227172423
2.646546707206653
2.1785219293669797
1.4011526399135619
0.8975281170041853
3.1312162173144316
2.7718446228464018
2.4610827652941225
2.978754438327087
3.789769055099896
2.7159054513886076
2.1700334652432502
3.1514659022814158
2.4561246832399775
2.678584531735396
2.0191093839548557
0.6158209288441867
1.06994566764115
1.5944102775974898
1.7835724127471622
-0.6146713595117035
3.713073911745596
6.922816348504057
-9.309633345641487
8.533699455714668
1.2587678529398545
2.1903898981126986
2.212633549797829
1.9890382626272185
1.7555765070574125
1.5710621902780986
2.5647273517151916
0.9223284246290859
1.871723959387964
4.216472996564335
2.5413225282864005
1.7525333518133266
2.4284567342092487
3.8328199835214036
3.0601774635051697
2.0619828749604494
2.1900187811752403
1.5032765127725725
1.3342694148304872
1.8352463574028661
2.7728978381965135
2.623242695342924
2.360438058674845
1.5262934656639118
2.119720749076805
2.5956994830030453
2.250284542433292
2.4839945694948256
2.4690710651066183
3.124741657429695
2.8678144666409935
1.6015578656133584
2.2594260501682584
1.4833317845659622
1.2783910611397005
1.4199479609251284
1.1419330999378872
0.31883827391357045
1.3702893269346532
1.0830762694968143
0.6548044519113319
0.9642157627204142
1.870411804298783
1.9262251871605258
2.620857646321383
2.848506701337101
3.0863761825676193
2.6787444115252583
1.0594822975872376
1.0159195386331703
1.5745896705102496
1.2760021682697698
1.495247296830712
1.4479464608248236
1.3970416702595685
1.818694822704856
3.0478809053329314
1.6006340748936054
1.4770371269405587
2.31518326314108
1.9729945652161405
0.4373925056606822
0.6754461139789782
2.2449870511391055
1.1445023494161433
2.0695541735058214
2.9993811571657716
3.031307505305449
2.5554970383873297
2.0809538756257098
1.2501233362290805
1.0632002965558058
1.300667608735239
2.2444095816099434
1.4175722713898722
3.6010356140031945
2.760385835679699
1.9140745263648569
2.7479022292154696
2.687508743483704
2.417830335027247
0.9747987089467642
0.6551028160301939
1.4770718500312796
1.9570994412206346
2.7670220617928862
1.556868804826081
0.6843179877505463
1.7815925993745623
1.2214139161715138
1.0174082883277151
1.750155054314746
2.2963047290832037
1.480608176892929
2.478288547366901
1.7031907234086248
6.7534822440702555
7.07846635225178
-6.797802653385588
9.176388315794611
1.1469465531699825
1.5454713169256138
1.3479593319698324
0.6092646077086101
0.9330504522786214
1.6237645405362855
0.720664856793519
1.7855112831966835
2.175319917721936
0.7732258742689737
1.2075984200746461
0.6126026174260915
1.3155280822102213
1.1037114895916602
0.7964132224515197
0.9962009867376764
0.6813833456235443
1.7819538194653433
1.909284681405552
1.099794545380064
2.5315859790716786
2.5264625606141635
2.5598305092826195
2.3998770370471902
1.5518644195999514
1.7994735582833528
1.517693608016998
1.3340477272467979
2.5267899023838254
1.985625651806913
2.714940815110822
2.046517637318175
1.8849971981308045
1.181743997241938
3.259271360913772
2.8406490964716795
2.040208492624515
2.387133858688685
1.9210538422066747
1.4434752179658972
0.3632773741719575
1.2055143403049442
2.1955547770030535
2.1094560167912277
1.341954984505719
2.0272830464291474
1.7029454512794473
1.5271746223861555
1.8328419949830277
0.6635621711429849
0.751538303151392
0.012877807817858411
0.7137703072476143
2.4369162257662538
3.1371798398722603
2.992459848159342
1.9518156482299673
1.8897153696052555
1.8255603037523542
0.7200370424561697
1.0124297597922123
0.3813561318511347
1.4153202320685523
1.3009496803151706
2.838509395483925
2.483601416239253
2.1936503689958045
2.10471936382055
2.1736176181693736
1.476541462516252
1.44934308021584
1.7312852219420165
1.0779485970469977
1.3383986605349492
2.206873744366021
1.4700470804837096
1.648802496434655
2.084720263055715
0.7516757443281676
1.0131703017777909
1.4937907516214182
0.5040722759313212
1.4193343157203344
2.458590865113365
0.9848261530478339
0.22900275076790422
1.665252405904539
2.13783132298704
2.9299087587405666
2.0409756623903377
1.2014512277419271
0.05806438880972564
-0.12408120270811196
0.28918045722093666
0.8233238292432361
-2.591827444421142
5.7125683380381815
4.716388433993416
-12.986726079459913
12.679799490175355
-0.4996414642282616
-0.7160939383611549
-0.8126833411351981
0.8154565572840511
1.3642408372525097
2.020723281080791
2.0632619315747434
1.4027101683659566
0.9605312231215066
1.1931256250536535
0.23301564860594226
1.2034403680827381
0.31844247019762406
1.192815848178725
1.88843705639556
2.4456010665726353
1.4639242742578062
2.891122808592627
2.7268543545123975
3.3062560684938944
3.23233556771811
2.4293563639348577
2.2996340178633545
0.5054814137401991
2.313156637874272
0.9249341447593906
1.2967140698037838
1.1230188057234045
1.7483189696667978
1.7361814580690407
1.9193833932349662
1.6286504184081423
1.3604126809477748
1.8353748547560826
2.9577640223669732
1.5462786155349022
2.244806421227622
2.423642879433828
2.3846508948099654
2.5844435329381668
2.961152457161006
2.7844044791982014
1.680263578591621
1.5065587709086685
1.6919816370082117
0.8800688037717919
1.977784957824042
1.907304641978044
2.1593413914470148
0.9863278802968125
1.3565294525815261
0.9599476886905904
1.364764444919274
0.7970324876787345
0.5766915091935516
0.44816219301901583
1.1188885436095006
2.146117524627698
1.2571515058698424
2.1298463955172338
1.7961715343917604
2.5142542731682624
1.139164394198815
2.166623931894719
