2960.089251384429
2966.900099151564
2971.5453142378724
2963.30776563868
2990.471145797056
3121.9852092012798
3121.0627994181523
3151.076165271467
3122.897173763661
3097.636173181696
3122.897173763661
3119.5723602547323
3137.1215651590655
3142.84746084581
3137.1215651590655
3110.374294034211
3108.681672825341
3109.73980069083
3124.539211611046
3113.1309767043126
3126.2758089437425
3113.1309767043126
3122.9041203816337
3121.003289959478
3121.945958073544
3119.9221869070166
3124.708767484484
3124.708767484484
3132.5497577412543
3134.8529002588903
3134.8529002588903
3143.421564822015
3128.8667423448096
3130.164349823046
3130.164349823046
3144.7314469412645
3142.3979310099617
3144.408795582965
3146.8487936906954
3133.906738843424
3140.327640384172
3142.78613436305
3127.6216544257227
3142.841284874309
3164.562431004388
3164.4629167974776
2889.2509809316434
3158.149064191088
3161.971757120842
3158.3601421528642
2889.2509809316434
3158.149064191088
3133.646673324254
3126.667861698902
3161.0159188096077
3129.6178348293447
3190.7290038854003
3162.120720982312
3171.401942821412
3155.278465488111
3183.383049625055
3048.542392228982
3202.1223537295964
3110.608567185126
3197.1494392869986
3110.608567185126
3197.1494392869986
3188.2060788461754
3193.789623375768
3021.788516922453
3026.9653215757303
3184.912084575126
3182.5572423211756
3077.6047418789635
3138.363771941915
3190.780770389078
3219.9920624023707
3122.4114855863986
3186.8316333265216
3151.4804865010924
3195.2383203650566
3183.767409398469
3180.2960724857103
3180.2960724857103
3183.7578942045425
3203.2912163775154
3187.47081232438
3205.465467131391
3098.806742517365
3181.370598959839
3187.301915521849
3170.392371962756
3201.356240089669
3132.169654441249
3182.282174657978
3182.282174657978
3136.4309605275353
3179.072336131675
3185.2206411839284
3149.306102932151
